11 17 34 
10 29 24 
18 14 62 
11 5 45 
1 27 61 
11 25 42 
27 6 91 
24 2 53 
22 11 21 
26 8 95 
17 6 71 
18 9 12 
17 19 35 
21 23 11 
2 3 73 
14 21 11 
23 28 47 
14 22 57 
27 19 23 
21 19 78  
16 5 90 
12 18 6 
10 2 64 
28 26 5 
20 9 70  
20 6 1 
3 8 29 
23 24 54 
7 20 66 
26 11 8 
24 9 26 
13 17 38  
8 12 29 
11 3 15 
19 18 4 
3 27 6 
23 6 21  
5 14 72 
1 9 77 
17 27 12 
16 20 61  
6 5 67 
15 4 31 
22 20 50 
21 4 66 
10 27 91  
7 27 57 
17 3 83 
5 29 9 
8 11 88 